1/13/2023
Breakfasts Lunches Suppers Supplements Total Free Reduced Paid Total
FY 2022
Oct 2021 1,724,414 2,137,964 87,576 1,482,773 5,432,727 5,230,553 34,887 167,287 5,432,727
Nov 2021 1,748,735 2,185,127 90,882 1,557,159 5,581,903 5,380,238 34,529 167,136 5,581,903
Dec 2021 1,810,694 2,248,468 96,280 1,590,893 5,746,335 5,546,074 34,876 165,385 5,746,335
Jan 2022 1,588,189 1,988,587 86,994 1,407,593 5,071,363 4,881,228 52,469 137,666 5,071,363
Feb 2022 1,601,538 2,010,927 85,875 1,402,252 5,100,592 4,918,880 31,826 149,886 5,100,592
Mar 2022 1,940,018 2,440,226 102,750 1,706,897 6,189,891 5,953,691 41,532 194,668 6,189,891
Apr 2022 1,783,395 2,222,741 91,106 1,572,768 5,670,010 5,444,247 57,879 167,884 5,670,010
May 2022 1,867,059 2,325,572 94,031 1,650,628 5,937,290 5,694,355 62,645 180,290 5,937,290
Jun 2022 1,887,433 2,355,252 101,564 1,663,747 6,007,996 5,756,639 63,175 188,182 6,007,996
Jul 2022 1,767,566 2,149,473 72,964 1,539,668 5,529,671 5,305,516 55,021 169,134 5,529,671
Aug 2022 1,989,167 2,443,518 83,396 1,737,545 6,253,626 5,987,846 65,649 200,131 6,253,626
Sep 2022 1,841,712 2,224,039 74,228 1,597,576 5,737,555 5,496,713 55,317 185,525 5,737,555
Total 21,549,920 26,731,894 1,067,646 18,909,499 68,258,959 65,595,980 589,805 2,073,174 68,258,959
Total 1 Months 1,724,414 2,137,964 87,576 1,482,773 5,432,727 5,230,553 34,887 167,287 5,432,727
FY 2023
Oct 2022 1,647,897 1,981,216 76,900 1,403,880 5,109,893 4,909,190 31,372 169,331 5,109,893
Nov 2022 -- -- -- -- -- -- -- -- --
Dec 2022 -- -- -- -- -- -- -- -- --
Jan 2023 -- -- -- -- -- -- -- -- --
Feb 2023 -- -- -- -- -- -- -- -- --
Mar 2023 -- -- -- -- -- -- -- -- --
Apr 2023 -- -- -- -- -- -- -- -- --
May 2023 -- -- -- -- -- -- -- -- --
Jun 2023 -- -- -- -- -- -- -- -- --
Jul 2023 -- -- -- -- -- -- -- -- --
Aug 2023 -- -- -- -- -- -- -- -- --
Sep 2023 -- -- -- -- -- -- -- -- --
Total 1,647,897 1,981,216 76,900 1,403,880 5,109,893 4,909,190 31,372 169,331 5,109,893
Total 1 Months 1,647,897 1,981,216 76,900 1,403,880 5,109,893 4,909,190 31,372 169,331 5,109,893----------------------------------------------------------------------------------------------------- Number -----------------------------------------------------------------------------------------------------National Data Bank Version 8.2 PUBLIC - U.S. Summary
Table 15b: Child and Adult Care Food Program -- Adult Care Total Meals Served
Fiscal Year and 
MonthTotal Meals Served Total Meals Served