1/13/2023
Free Reduced Paid Total Free Reduced Paid Total
FY 2022
Oct 2021 45,089,504 206,201 375,959 45,671,664 52,995,342 2,260,849 9,977,834 65,234,025
Nov 2021 43,606,596 196,320 353,772 44,156,688 52,179,517 2,170,365 9,532,831 63,882,713
Dec 2021 36,143,044 188,775 333,388 36,665,207 46,233,027 2,033,146 8,795,536 57,061,709
Jan 2022 33,893,162 189,984 337,361 34,420,507 42,123,499 2,011,831 8,761,325 52,896,655
Feb 2022 35,338,222 193,915 346,310 35,878,447 43,545,174 2,188,065 9,565,559 55,298,798
Mar 2022 40,957,040 239,172 426,558 41,622,770 52,114,841 2,743,224 12,093,174 66,951,239
Apr 2022 36,671,667 217,622 385,372 37,274,661 47,305,731 2,487,823 10,935,709 60,729,263
May 2022 35,663,089 228,286 406,525 36,297,900 47,035,681 2,582,523 11,282,151 60,900,355
Jun 2022 13,844,345 218,885 396,660 14,459,890 32,489,449 2,403,072 10,676,565 45,569,086
Jul 2022 5,643,507 189,079 353,971 6,186,557 23,515,331 2,088,968 9,294,887 34,899,186
Aug 2022 15,713,042 225,396 415,993 16,354,431 31,374,536 2,450,260 11,081,038 44,905,834
Sep 2022 25,322,975 202,092 366,061 25,891,128 34,299,492 2,299,596 10,404,152 47,003,240
Total 367,886,193 2,495,727 4,497,930 374,879,850 505,211,620 27,719,722 122,400,761 655,332,103
Total 1 Months 45,089,504 206,201 375,959 45,671,664 52,995,342 2,260,849 9,977,834 65,234,025
FY 2023
Oct 2022 29,699,631 202,467 363,500 30,265,598 35,148,659 2,172,761 9,515,241 46,836,661
Nov 2022 -- -- -- -- -- -- -- --
Dec 2022 -- -- -- -- -- -- -- --
Jan 2023 -- -- -- -- -- -- -- --
Feb 2023 -- -- -- -- -- -- -- --
Mar 2023 -- -- -- -- -- -- -- --
Apr 2023 -- -- -- -- -- -- -- --
May 2023 -- -- -- -- -- -- -- --
Jun 2023 -- -- -- -- -- -- -- --
Jul 2023 -- -- -- -- -- -- -- --
Aug 2023 -- -- -- -- -- -- -- --
Sep 2023 -- -- -- -- -- -- -- --
Total 29,699,631 202,467 363,500 30,265,598 35,148,659 2,172,761 9,515,241 46,836,661
Total 1 Months 29,699,631 202,467 363,500 30,265,598 35,148,659 2,172,761 9,515,241 46,836,661----------------------------------------------------------------------------------------- Number -----------------------------------------------------------------------------------------National Data Bank Version 8.2 PUBLIC - U.S. Summary
Table 13c: Child and Adult Care Food Program -- Child Care Type of Meals Served: Suppers and Supplements
Fiscal Year and 
MonthSuppers Supplements