1/13/2023
Free Reduced Paid Total Free Reduced Paid Total
FY 2022
Oct 2021 20,199,887 1,588,333 7,041,656 28,829,876 23,219,845 1,841,930 8,132,317 33,194,092
Nov 2021 19,387,516 1,542,456 6,787,378 27,717,350 22,379,415 1,798,209 7,874,915 32,052,539
Dec 2021 17,896,485 1,453,390 6,297,612 25,647,487 21,655,197 1,752,463 7,510,860 30,918,520
Jan 2022 17,353,213 1,401,366 6,100,866 24,855,445 20,306,677 1,661,090 7,214,675 29,182,442
Feb 2022 19,308,338 1,535,244 6,729,151 27,572,733 22,308,744 1,806,849 7,913,042 32,028,635
Mar 2022 23,844,260 1,941,529 8,549,980 34,335,769 27,888,730 2,316,328 10,135,683 40,340,741
Apr 2022 21,477,309 1,755,569 7,765,045 30,997,923 25,029,071 2,076,675 9,143,267 36,249,013
May 2022 22,216,341 1,835,261 8,038,218 32,089,820 25,630,169 2,174,740 9,474,901 37,279,810
Jun 2022 19,254,781 1,780,728 7,937,099 28,972,608 25,624,130 2,331,964 10,070,899 38,026,993
Jul 2022 15,994,702 1,551,021 6,872,756 24,418,479 22,357,588 2,065,138 8,874,315 33,297,041
Aug 2022 20,019,685 1,771,392 8,037,017 29,828,094 24,675,690 2,178,480 9,749,736 36,603,906
Sep 2022 20,327,327 1,623,286 7,287,595 29,238,208 22,542,103 1,840,441 8,282,315 32,664,859
Total 237,279,844 19,779,575 87,444,373 344,503,792 283,617,359 23,844,307 104,376,925 411,838,591
Total 1 Months 20,199,887 1,588,333 7,041,656 28,829,876 23,219,845 1,841,930 8,132,317 33,194,092
FY 2023
Oct 2022 18,901,152 1,534,837 6,704,256 27,140,245 21,719,148 1,781,532 7,747,190 31,247,870
Nov 2022 -- -- -- -- -- -- -- --
Dec 2022 -- -- -- -- -- -- -- --
Jan 2023 -- -- -- -- -- -- -- --
Feb 2023 -- -- -- -- -- -- -- --
Mar 2023 -- -- -- -- -- -- -- --
Apr 2023 -- -- -- -- -- -- -- --
May 2023 -- -- -- -- -- -- -- --
Jun 2023 -- -- -- -- -- -- -- --
Jul 2023 -- -- -- -- -- -- -- --
Aug 2023 -- -- -- -- -- -- -- --
Sep 2023 -- -- -- -- -- -- -- --
Total 18,901,152 1,534,837 6,704,256 27,140,245 21,719,148 1,781,532 7,747,190 31,247,870
Total 1 Months 18,901,152 1,534,837 6,704,256 27,140,245 21,719,148 1,781,532 7,747,190 31,247,870----------------------------------------------------------------------------------------- Number -----------------------------------------------------------------------------------------National Data Bank Version 8.2 PUBLIC - U.S. Summary
Table 13b: Child and Adult Care Food Program -- Child Care Type of Meals Served: Breakfasts and Lunches
Fiscal Year and 
MonthBreakfasts Lunches