1/13/2023
Breakfasts Lunches Suppers Supplements Total Breakfasts Lunches Suppers Supplements Total
FY 2022
Oct 2021 6,287,277 7,079,261 4,009,461 10,160,545 27,536,544 22,542,599 26,114,831 41,662,203 55,073,480 145,393,113
Nov 2021 6,040,813 6,959,905 3,830,446 9,633,176 26,464,340 21,676,537 25,092,634 40,326,242 54,249,537 141,344,950
Dec 2021 5,813,368 7,211,908 3,873,786 9,677,509 26,576,571 19,834,119 23,706,612 32,791,421 47,384,200 123,716,352
Jan 2022 5,874,713 6,823,279 3,763,952 9,569,009 26,030,953 18,980,732 22,359,163 30,656,555 43,327,646 115,324,096
Feb 2022 6,039,465 6,952,118 3,755,307 9,719,970 26,466,860 21,533,268 25,076,517 32,123,140 45,578,828 124,311,753
Mar 2022 7,254,827 8,413,139 4,395,001 11,609,889 31,672,856 27,080,942 31,927,602 37,227,769 55,341,350 151,577,663
Apr 2022 6,524,763 7,693,444 3,867,517 10,410,556 28,496,280 24,473,160 28,555,569 33,407,144 50,318,707 136,754,580
May 2022 6,784,757 7,789,859 3,981,364 10,711,086 29,267,066 25,305,063 29,489,951 32,316,536 50,189,269 137,300,819
Jun 2022 6,505,330 9,254,311 3,941,160 10,792,840 30,493,641 22,467,278 28,772,682 10,518,730 34,776,246 96,534,936
Jul 2022 5,592,111 8,653,513 3,581,785 9,610,928 27,438,337 18,826,368 24,643,528 2,604,772 25,288,258 71,362,926
Aug 2022 6,861,182 9,024,566 4,106,005 11,096,229 31,087,982 22,966,912 27,579,340 12,248,426 33,809,605 96,604,283
Sep 2022 6,155,758 7,071,351 3,638,877 9,785,323 26,651,309 23,082,450 25,593,508 22,252,251 37,217,917 108,146,126
Total 75,734,364 92,926,654 46,744,661 122,777,060 338,182,739 268,769,428 318,911,937 328,135,189 532,555,043 1,448,371,597
Total 1 Months 6,287,277 7,079,261 4,009,461 10,160,545 27,536,544 22,542,599 26,114,831 41,662,203 55,073,480 145,393,113
FY 2023
Oct 2022 5,607,642 6,571,003 3,547,021 9,032,202 24,757,868 21,532,603 24,676,867 26,718,577 37,804,459 110,732,506
Nov 2022 -- -- -- -- -- -- -- -- -- --
Dec 2022 -- -- -- -- -- -- -- -- -- --
Jan 2023 -- -- -- -- -- -- -- -- -- --
Feb 2023 -- -- -- -- -- -- -- -- -- --
Mar 2023 -- -- -- -- -- -- -- -- -- --
Apr 2023 -- -- -- -- -- -- -- -- -- --
May 2023 -- -- -- -- -- -- -- -- -- --
Jun 2023 -- -- -- -- -- -- -- -- -- --
Jul 2023 -- -- -- -- -- -- -- -- -- --
Aug 2023 -- -- -- -- -- -- -- -- -- --
Sep 2023 -- -- -- -- -- -- -- -- -- --
Total 5,607,642 6,571,003 3,547,021 9,032,202 24,757,868 21,532,603 24,676,867 26,718,577 37,804,459 110,732,506
Total 1 Months 5,607,642 6,571,003 3,547,021 9,032,202 24,757,868 21,532,603 24,676,867 26,718,577 37,804,459 110,732,506---------------------------------------------------------------------------------------------------------------- Number --------------------------------------------------------------------------------------------------------------National Data Bank Version 8.2 PUBLIC - U.S. Summary
Table 13a: Child and Adult Care Food Program -- Child Care Type of Meals Served: Homes and Centers
Fiscal Year and 
MonthDay Care Homes Child Care Centers